39915424 1 4 2425
39918104 1 4 2425
39939149 1 4 2425
39939385 1 4 2425
39940373 1 4 2425
39942460 1 4 2425
39945879 1 4 2425
39948034 1 4 2425
39948747 1 4 2425
39949365 1 4 2425
51395271 1 4 2425
51403163 1 4 2425
51404049 1 4 2425
51404136 1 4 2425
51404269 1 4 2425
51404376 1 4 2425
51405188 1 4 2425
51405416 1 4 2425
51405625 1 4 2425
51415568 1 4 2425
51416026 1 4 2425
51416420 1 4 2425
51416861 1 4 2425
51421097 1 4 2425
51421498 1 4 2425
51421699 1 4 2425
51421764 1 4 2425
51421919 1 4 2425
51422007 1 4 2425
51422261 1 4 2425
51422413 1 4 2425
51422527 1 4 2425
51422624 1 4 2425
51422821 1 4 2425
51423044 1 4 2425
51423185 1 4 2425
51423282 1 4 2425
51423998 1 4 2425
51424294 1 4 2425
51424500 1 4 2425
51424672 1 4 2425
51454059 1 4 2425
51454528 1 4 2425
51454905 1 4 2425
51455015 1 4 2425
51455121 1 4 2425
51455230 1 4 2425
51455339 1 4 2425
51455435 1 4 2425
51455681 1 4 2425
51455821 1 4 2425
51455914 1 4 2425
51456058 1 4 2425
51469634 1 4 2425
